fieldValue = 553320687305.043091
energy[0] = 10000000.000000
sumVelocity = 29048401.678936
sumPressure = 50000005000000.000000
sumEnergy = 100000000000000.000000
atomicFlux = 29.048402
criticalFlux = 56103198.749486
